$ANSIBLE_VAULT;1.1;AES256
61643335373835396137313736306231646231326238346633303365346130373062303633343537
6138333533353063623830373037326564306462653032310a376266653633333331323436393363
37613164626534326161313632333563313839643535623265636239633437643439363434656134
6434646662386563610a643737643537313534356131366339653436646130353531363336633833
31383933386563373731663934353033373739356636303632383636333130303563363139346363
61383639353538313736306230353935643365396537336632386530323734636439326539636436
33376535623039613332373237396161363866663065393665326131663865383963356262383837
61313431336161316430316361313363393765356233353630663861353466303662656365333465
37363731626465393861643434626131643134313537326265333663666564303265353364383466
32616531623935363339333435396464356134383437636130323538383139343665393330656435
61623361333363306263393433363935613862376262333161366165353063393964663236383966
35303632303865353665613334393931333033623966303461303933333633663666303832373564
37353763363864346135393138313336386365363235376132653663663232313965313236646134
36376232646164613162333331323831333862386533313530313036333162393035363734656636
33366264303736646138316266383934656566376633656236623832626633353664326566316362
61623230303061376663316438363137666430323634336330373065393866363133633731663261
32333836656339386638336365613039353639623939613533373237356262633330396130306230
34343933623135366230386666663537353464653964356235333961343166316563643531336366
36633166656163323333633830663064636439646138623938393431646636616638393238323461
63613434376666333137643038633032623535666137373831613938633464636233336435363162
62306230633263616238663034373938326464353436313734353831653735366332303961303361
31663732633563663238303165396262393439666662656436623234306331356165393565616361
32303835633065626337656464306639626335653061623833336234616634353036373837633436
35356662356462663831393664373631383065323735646137366365316664633332353939626265
30643232326330386237376432663837393163393931393962316538636137613330333232356665
39633538616235656636656134313139353233636638326239623335326237376136333161646166
36316161646533386131393233656631343763653836376636376266623830353336636562636638
35396331356462386465393863303935376564316363323137663732623039343035653162353034
66373135333338653735336666343263363139306264353638343731613436656363656163396231
35636666346131613236333634353665396231316431376366333836373733323061376135386138
64396566333836656132623962373265373664663032613661646463393737326337616661666334
30343435313931343862393335666361323336373532363336353632646239356638383639356463
66636130613766313162383436396336646330333831396531373432323530386462323261363865
36636532303666396134636537366534666339333961393365383039316439636535623364646431
39393564376439613530383234386463373739666437623964636532656361663633343264636661
31303837636430623939363739316139373165386165333331643139623362396533623764623332
30393736626332326236626266613235313439346135633136393730373964373038353036343535
66376337336231386163613139333338366561373333393533326430386664383634373464313365
34333766363664393730626366383561393733626161646635646639373065333538306565613638
38633938623563333865303132313134353535653335343739363236343062313734356434366564
63333732666633646362663135646566613164653532346435653162383966396461366433666664
66383030653862663635653264383531313762353331326633383930653833346265386163343634
64636563613361613930626536383735643135386436393139333565393763303631646434303530
39636263323962393636383532383039646336336364396561373330316430363964346230343334
38623438343630386434303139366161646661363865653766306230366639646362383337316431
65643539316462633938633032326330336334663962653232656462663761646438323139393932
30663665336664666235386137313437323835383138353038663764343831313764376434356164
34616466333333623039656535316530656466373864623665346432396532623866303733663462
34643834613933363038306336306539383837303836623037386262376464386662393534363732
33303136666436313133373234323537626163376133623135313832313837633531616238636131
64643364353166373835643165366566656233393236356331626134396438663534613134653230
37663635333636643335356233366339643964306332323931633534653830323963396566623631
65366430663265353537626430373334393936663037373163323936353266326237396132393965
62643537386363363866356665316364656263373635316661643338363832336631646130313463
31386630666338373333613661623362303966626437623033313463656634656235356537363137
31666139656333653966396166383263363134616636383863653462643637373831636238613163
38613232313335326165373963393561353234316466643362643038366239636436633731613465
35383937353631306231666261336430323364313763316331326563636533626138643361376235
61393635373734306635646530653632343835613734616362663866656238396663336465346433
39356337653739313964363433633762306139303561346430653236346634323562393631313733
66653434663137343862316536353466643236386437616632363565623234376463383465623635
61623638663736316137393134323933633536663334306666643764346333366437616132383237
35343963613765633962373830663831356566663331356261346136303665633262616363313837
37646132383565343431303666623835386566306533343163633162653333616238323062363166
61356364623162386465313134646461326266653838373734363236396630313565653236636262
65396662313561313633336463343230356635366262393531376335306237633562333061393566
63393563386138323863346639383663393361323237366361616339623763623730313162643766
39373832633437396232633262346232613364336336666464386434386232386162343562653063
32343566636134333563373337613336663238613263386335346165323736363039353163313136
65333435363430326230353637336263323731666637663361623961373965666362636466333137
66333065383066653335346363613466633133373062393462326132633632353931613263633765
37326163636633393566313434316239333535633937376639363464386230303265323137336138
31383630623836626335643462623138653834373630336630343365623064646439616237666236
35373934666663666461653435343066653661613561336664646638353464313765646430656538
39326332366132613136393537376337346634343139303466633864353637633263656339656165
63376639666538626236393431633631626132356530656139386165376436353465646166626565
31333032333633343237623335653663353237623130333134646666646265623163323930313636
36643139316532333836623164353933383534663130313939303164633962303033336539376331
31363862393539646165383166633166343965336235656233306133626434626334666635376139
66643134316238363534663432306464613762623263333661303234613234383437373065383165
65333561363235373337633539616630653064313638323933646434383366333161303230306565
62323561383064613339393966316237326635303161643137636632623863323838633066373135
33366238326337373935653366373636666233313032386431333261343263663431316163366537
31353935373261333233396636323232613232363863393238363837363837316563633662306539
35363737663433646338373936373337373832353730326338623331373766376366643364363836
66393462306562313037353234663634616432663637316565663239373635663736623461346433
62656661623438373066383763343665653038336363323534336635336364346132356163393438
32343261363432656265323762636662366463343764653165623632373535643965666137306164
33393531396139646561323365663634313939306532623335623234383263346538343732323533
30613861613864316465313639373864386333333766323965366265623563643061653762323836
62663331333164626434613261316631656466656630363139376632326334613033646239363936
32353337376138336236326164363434633935323263346136653036346363333537626438386234
33313636393861646436333132623736363939643534363332386236653339366466326635363466
38316533333230383337663630666337353661343464313537363734363363383262386432323365
30383630303339653766643466343530356365323963396137333139393863346535343837393231
34616365633532646338373230376162303038306439383938623932346137653639663139633233
39363865336530316632616665633361316235353238323161663261666530383734653762366361
64323034633361613639303133633531313862363830623965623663613063303431313838666330
32653430356164653266383937366466616639646635333064303836383931623330663836316338
33343333386435613434613533363566613430383438333161616534363031393666626231616336
62646233636362316632663563636134366263366433316338336165623339613663313633323933
66393066316135396335393161323832653765653261616235386236356365363930346536346337
65326361333364623764656362376563373033663337393835336639373034376232303036313464
66326262313362373862326132333437613431386535346462393935366664613333393431623333
36373839336462623838646333353238636335373762666532303237393938623137343630313435
38393662343338393531663836303966363461336237303032643363346136343166363731323038
39333263353633346161303935386438346666666530336139323138353431396239626531366165
36333737346233353331376432313763633361653162643432306164656138393937656637306238
65306162616437373363653864613132323531356462653131383538313935376638363537303336
33366132333931303764313831613636613162636435316162383537623534393964343262323336
30316365306235616139396666646166373037663736626634366665633561376336633730633031
65383765393462366564383936383232363461643939353637386462666334646131336333323837
30666262336337653735643064366233616666313235383339303534326562366532373439633935
64353733326462636230386566343665633830386164323732366165636231373662396134353134
31643961666663336337323533616132373765653637353063343162663332386130666130383135
35383336336461396432633864326435336362336365373237613835356435663030366261656439
62616332353333613630613636353832383664393537653661336566313866353839343462303232
37643961373764663836373330363362373539373961396631656530613561636332393932623733
66656137373337353561643131333138363737666266303733616633363936303234353963623137
33306161386262656436663862653061393763353332376365646531653239356132366631306336
62376135303362326637313634353866616137396365396166623436633063333330386636363962
63396264333565666239616561363532353936343333366231616338346137643461663934303035
39353839346661326564653538663038393832323035663265343735663630656533303963393934
61633263633134393236616261386665613363646662393765363962363439653239303366353938
65333364326662336363613762623635313864366238346162363939643865346166363332616161
35303834666437623632666666373137656262366438343737316536356462613837313035656639
63313731666366333333663062666538663932623234633463643461636264393536356265346531
39373533313764323032323534623334396231323635623838396465346132326535663065633162
65613332646533623139306133663565663431343239636465343630326465636363656161313664
34616465653338666364313839623661346366356230323039316137626361353162353435376635
39663663626630643932316664313064396232356264666236353633653832343936376361376436
63333133646334356461646433643438313332366239623765376333343832303739343663666130
34666263633535653031313431396538353966666536323833383062633836303031633335343137
33303631613235396334356361303131633737663262636534356466363764303335323635303330
39373435323533653130393834626366336336616566393835323237313932333162306137326136
39343965303864313233323864613237613164323636356263303263393533633966653936613464
63616234666331386336373064393333313066643463383033383964326137613734353130333063
37663663333830396536363631383933363931383137386638643761303363333533353735663830
37336565333230633938343534643362353532386463643935333465356331393033316139633363
62633738306136343238386334303963386563313439356639333363643137343430333735376262
61636530643366316562383063353330363431393066616263366235366164363230326261643933
66313530386239643439363961376664343631333037326435626334376233633461653935373333
34316366373931643266643138393766303832366132383436306635386234316135313238326439
64643337663534316438316530643933346461623632343933356462623132393938386663633530
39633962393730396136643135333463383266386534323032303638313630373562643534353333
36626134646361623865316166313035353763316536336330356161316534393964393865316464
61643938376439623036383761633233343234663337323539303033356562303434376665363566
66393166376164373438656236323130316533613735383464656539356562663931306335323631
62353961613532313562303831393735393336333263363661613964363966396630316362653666
32316464373764383563303833616261663564336261666534613465313138613037343338656438
31616539333436366563663765326430356437663839623537326164653434386563633133376162
64326139333464653530663462373531386438346636393631376161316561623366363032643064
35623532336665346137623466393038306264376663373432663138386138623063396663303932
38653663613764343966643566333464323333393939393066306635323665353739613964376463
39613462333362633232353334303561396133346565623234313233386539376236373565613563
64343937353133666632643637363937663639376230333130346562373138656133306561663265
39633538366535353233623564326432316532653833383932343963336363613031386537313361
33303662613230313530386665356165643137393565333539323464336261633764613164643436
37626432343333616338623138343634656164303637353434336133616532353761363561613661
34633162336335656366626364343661353863303031653765366436333536353966313163616638
61353232303638393837623433366130383539336533613737616230313032373261396235653939
38326663363431666132376639343064616662316334613965333737353931666637346139386539
38623037343832623735373630613639633639353032363339336565336131343861653064303931
65623463306438653866333661653265663765303830373333633839333466363435646138613932
31393365366639643832303130656636393731323165643466623930346663326361316537623930
62613738393762363639646231653464613439323865626163393138636263346231623165633030
62653062306362383738663863333763643834313666313336636233316536323638663836383032
35353366386565343435363037383334383961643964653730636164646533646539396232626332
35626333636432653062613937303338646635386235306231646232326362316333393363626333
36633065633237393032303162326664343037326561393232333032616536666666383130633831
33306239363533663832643836636663633834613064393630646439653732656365613334353732
66386563336233653038393464646439643863633339313732353432333065303930656663353465
3761
